HS Hafnaf (Adaltafla  09/22/10 14:10)	Phase A Current Harmonics Summary, RMS Values. Sep 23 2010 14:10:56 (K=0.5)
Harm	Avg	Max
1	9.918	30.338
2	0.091	2.124
3	0.939	3.328
4	0.052	0.861
5	0.576	1.353
6	0.039	0.570
7	0.887	2.726
8	0.039	0.803
9	0.382	1.237
10	0.032	0.363
11	0.376	1.502
12	0.026	0.434
13	0.259	1.055
14	0.026	0.544
15	0.104	0.427
16	0.019	0.369
17	0.110	0.479
18	0.019	0.214
19	0.110	1.101
20	0.019	0.919
21	0.052	4.778
22	0.013	0.803
23	0.071	0.550
24	0.013	0.414
25	0.084	0.602
26	0.013	0.324
27	0.039	0.298
28	0.006	0.214
29	0.039	0.227
30	0.006	0.155
31	0.032	0.233
32	0.006	0.227
33	0.032	0.240
34	0.006	0.252
35	0.026	0.259
36	0.006	0.220
37	0.026	0.162
38	0.006	0.155
39	0.019	0.168
40	0.006	0.123
41	0.019	0.123
42	0.006	0.123
43	0.019	0.129
44	0.006	0.129
45	0.013	0.142
46	0.006	0.136
47	0.019	0.155
48	0.006	0.142
49	0.019	0.155
50	0.006	0.149
51	0.013	0.162
52	0.006	0.168
53	0.013	0.181
54	0.006	0.181
55	0.013	0.194
56	0.006	0.194
57	0.013	0.214
58	0.006	0.220
59	0.019	0.227
60	0.006	0.240
61	0.013	0.227
62	0.006	0.259
63	0.013	0.278

HS Hafnaf (Adaltafla  09/22/10 14:10)	Phase B Current Harmonics Summary, RMS Values. Sep 23 2010 14:10:56 (K=0.5)
Harm	Avg	Max
1	22.841	57.283
2	0.181	4.435
3	2.622	6.099
4	0.104	1.878
5	1.327	2.855
6	0.084	1.256
7	2.382	5.166
8	0.058	1.793
9	1.198	2.777
10	0.039	0.919
11	1.101	2.557
12	0.039	1.088
13	0.589	1.839
14	0.039	1.152
15	0.376	1.237
16	0.032	1.353
17	0.524	1.787
18	0.032	1.483
19	0.343	2.454
20	0.026	1.664
21	0.175	9.303
22	0.026	1.431
23	0.220	2.001
24	0.026	1.036
25	0.240	1.515
26	0.019	0.887
27	0.078	0.829
28	0.019	0.757
29	0.136	0.906
30	0.013	0.751
31	0.091	0.751
32	0.013	0.634
33	0.058	0.518
34	0.013	0.518
35	0.071	0.505
36	0.013	0.382
37	0.045	0.388
38	0.013	0.285
39	0.032	0.304
40	0.013	0.343
41	0.026	0.311
42	0.006	0.272
43	0.032	0.317
44	0.006	0.265
45	0.026	0.285
46	0.006	0.259
47	0.026	0.272
48	0.006	0.240
49	0.019	0.298
50	0.006	0.278
51	0.019	0.285
52	0.013	0.278
53	0.019	0.330
54	0.013	0.317
55	0.019	0.324
56	0.013	0.343
57	0.013	0.337
58	0.013	0.337
59	0.019	0.376
60	0.013	0.395
61	0.019	0.369
62	0.013	0.401
63	0.019	0.466

HS Hafnaf (Adaltafla  09/22/10 14:10)	Phase A Voltage Harmonics Summary, RMS Values. Sep 23 2010 14:10:56 (K=1)
Harm	Avg	Max
1	234.623	240.579
2	0.173	3.194
3	1.122	2.503
4	0.086	1.640
5	1.209	3.453
6	0.086	0.863
7	2.072	4.230
8	0.086	1.467
9	1.036	2.503
10	0.086	0.863
11	1.036	2.503
12	0.086	0.863
13	0.604	1.467
14	0.086	0.777
15	0.259	0.950
16	0.000	0.604
17	0.259	1.640
18	0.086	0.604
19	0.259	3.367
20	0.000	2.417
21	0.173	11.308
22	0.000	1.899
23	0.173	1.726
24	0.000	0.432
25	0.086	0.950
26	0.000	0.259
27	0.086	0.432
28	0.000	0.259
29	0.086	0.432
30	0.000	0.259
31	0.086	0.345
32	0.086	0.518
33	0.086	0.345
34	0.000	0.259
35	0.086	0.345
36	0.000	0.345
37	0.086	0.345
38	0.000	0.345
39	0.000	0.345
40	0.000	0.345
41	0.000	0.345
42	0.000	0.345
43	0.000	0.345
44	0.000	0.345
45	0.000	0.432
46	0.000	0.518
47	0.000	0.518
48	0.000	0.518
49	0.000	0.518
50	0.000	0.518
51	0.000	0.604
52	0.000	0.518
53	0.000	0.691
54	0.000	0.777
55	0.086	0.691
56	0.086	0.863
57	0.086	0.777
58	0.086	0.863
59	0.086	0.950
60	0.086	0.950
61	0.086	0.863
62	0.086	1.122
63	0.086	1.295

HS Hafnaf (Adaltafla  09/22/10 14:10)	Phase B Voltage Harmonics Summary, RMS Values. Sep 23 2010 14:10:56 (K=1)
Harm	Avg	Max
1	232.120	238.680
2	0.259	2.158
3	1.813	5.438
4	0.086	1.295
5	1.122	3.367
6	0.086	1.122
7	2.590	4.920
8	0.086	1.554
9	1.295	2.762
10	0.086	0.604
11	1.295	2.417
12	0.086	0.863
13	0.604	1.381
14	0.086	0.863
15	0.345	0.950
16	0.000	0.777
17	0.432	1.554
18	0.000	0.777
19	0.259	2.762
20	0.000	1.036
21	0.173	5.784
22	0.000	0.950
23	0.173	1.726
24	0.000	0.518
25	0.086	0.950
26	0.000	0.432
27	0.086	0.345
28	0.000	0.259
29	0.086	0.432
30	0.000	0.345
31	0.086	0.345
32	0.000	0.432
33	0.086	0.345
34	0.000	0.345
35	0.086	0.432
36	0.000	0.345
37	0.000	0.345
38	0.000	0.345
39	0.000	0.345
40	0.000	0.432
41	0.000	0.345
42	0.000	0.432
43	0.000	0.432
44	0.000	0.432
45	0.000	0.432
46	0.000	0.432
47	0.000	0.518
48	0.000	0.518
49	0.000	0.604
50	0.000	0.518
51	0.000	0.604
52	0.000	0.604
53	0.000	0.691
54	0.000	0.777
55	0.086	0.691
56	0.086	1.209
57	0.086	1.122
58	0.086	1.036
59	0.086	0.863
60	0.086	0.950
61	0.086	1.036
62	0.086	1.036
63	0.086	1.381

HS Hafnaf (Adaltafla  09/22/10 14:10)	Phase C Voltage Harmonics Summary, RMS Values. Sep 23 2010 14:10:56 (K=1)
Harm	Avg	Max
1	233.933	240.234
2	0.173	4.834
3	1.381	3.194
4	0.086	1.122
5	1.036	2.849
6	0.086	1.122
7	2.331	4.402
8	0.086	1.381
9	1.036	2.676
10	0.086	1.209
11	1.036	2.935
12	0.000	1.209
13	0.604	1.209
14	0.000	0.863
15	0.259	1.122
16	0.000	0.777
17	0.345	1.295
18	0.000	0.950
19	0.345	2.676
20	0.000	1.813
21	0.173	9.927
22	0.000	1.381
23	0.259	3.021
24	0.000	0.863
25	0.259	1.985
26	0.000	0.432
27	0.086	0.777
28	0.000	0.259
29	0.086	1.122
30	0.000	0.345
31	0.086	0.432
32	0.086	0.432
33	0.086	0.432
34	0.000	0.259
35	0.086	0.345
36	0.000	0.432
37	0.086	0.432
38	0.000	0.432
39	0.000	0.345
40	0.086	0.432
41	0.086	0.345
42	0.000	0.345
43	0.000	0.432
44	0.000	0.432
45	0.000	0.518
46	0.000	0.518
47	0.000	0.691
48	0.000	0.604
49	0.000	0.604
50	0.000	0.604
51	0.000	0.604
52	0.000	0.691
53	0.000	0.863
54	0.000	0.777
55	0.086	0.863
56	0.086	0.863
57	0.086	1.036
58	0.086	0.777
59	0.086	1.036
60	0.086	1.122
61	0.086	1.036
62	0.086	1.122
63	0.086	1.295

HS Hafnaf (Adaltafla  09/22/10 14:10)	Phase C Current Harmonics Summary, RMS Values. Sep 23 2010 14:10:56 (K=0.5)
Harm	Avg	Max
1	16.127	47.190
2	0.052	4.448
3	1.237	3.088
4	0.032	0.991
5	0.745	1.690
6	0.026	1.139
7	1.373	3.367
8	0.026	0.971
9	0.622	1.787
10	0.019	0.984
11	0.544	2.706
12	0.019	1.081
13	0.246	1.224
14	0.013	0.796
15	0.168	0.783
16	0.013	0.848
17	0.252	0.880
18	0.013	0.803
19	0.149	0.686
20	0.006	0.673
21	0.091	1.735
22	0.013	0.550
23	0.091	0.667
24	0.013	0.505
25	0.123	0.654
26	0.006	0.499
27	0.045	0.479
28	0.006	0.479
29	0.045	0.524
30	0.006	0.401
31	0.045	0.382
32	0.006	0.330
33	0.026	0.324
34	0.006	0.291
35	0.039	0.311
36	0.006	0.298
37	0.032	0.259
38	0.006	0.252
39	0.032	0.285
40	0.006	0.227
41	0.026	0.214
42	0.006	0.168
43	0.019	0.207
44	0.000	0.162
45	0.019	0.155
46	0.000	0.149
47	0.019	0.168
48	0.000	0.149
49	0.013	0.117
50	0.000	0.136
51	0.013	0.129
52	0.000	0.136
53	0.006	0.129
54	0.000	0.123
55	0.013	0.175
56	0.006	0.117
57	0.006	0.149
58	0.000	0.168
59	0.013	0.188
60	0.006	0.194
61	0.006	0.175
62	0.006	0.194
63	0.006	0.201

HS Hafnaf (Adaltafla  09/22/10 14:10)	Neutral Voltage Harmonics Summary, RMS Values. Sep 23 2010 14:10:56 (K=1)
Harm	Avg	Max
1	0.000	0.259
2	0.000	0.259
3	0.000	0.173
4	0.000	0.173
5	0.000	0.173
6	0.000	0.173
7	0.000	0.173
8	0.000	0.259
9	0.000	0.259
10	0.000	0.173
11	0.000	0.173
12	0.000	0.173
13	0.000	0.173
14	0.000	0.173
15	0.000	0.259
16	0.000	0.173
17	0.000	0.173
18	0.000	0.173
19	0.000	0.173
20	0.000	0.173
21	0.000	0.173
22	0.000	0.259
23	0.000	0.173
24	0.000	0.173
25	0.000	0.173
26	0.000	0.173
27	0.000	0.173
28	0.000	0.173
29	0.000	0.173
30	0.000	0.173
31	0.000	0.173
32	0.000	0.345
33	0.000	0.259
34	0.000	0.259
35	0.000	0.259
36	0.000	0.259
37	0.000	0.345
38	0.000	0.259
39	0.000	0.259
40	0.000	0.345
41	0.000	0.259
42	0.000	0.345
43	0.000	0.259
44	0.000	0.345
45	0.000	0.345
46	0.000	0.345
47	0.000	0.518
48	0.000	0.432
49	0.000	0.432
50	0.000	0.432
51	0.000	0.432
52	0.000	0.518
53	0.000	0.604
54	0.000	0.518
55	0.000	0.604
56	0.086	0.863
57	0.000	0.604
58	0.000	0.604
59	0.000	0.604
60	0.000	0.691
61	0.000	0.691
62	0.000	0.777
63	0.000	0.863

HS Hafnaf (Adaltafla  09/22/10 14:10)	Neutral Current Harmonics Summary, RMS Values. Sep 23 2010 14:10:56 (K=0.5)
Harm	Avg	Max
1	5.879	25.586
2	0.162	2.447
3	4.247	9.154
4	0.097	1.230
5	0.647	1.923
6	0.078	0.822
7	1.308	2.926
8	0.065	1.016
9	2.188	3.995
10	0.045	0.764
11	0.570	1.683
12	0.039	0.783
13	0.434	1.062
14	0.039	0.809
15	0.499	1.295
16	0.032	0.822
17	0.272	1.644
18	0.032	0.745
19	0.317	2.201
20	0.026	0.939
21	0.194	5.762
22	0.019	0.712
23	0.162	2.272
24	0.019	0.550
25	0.175	1.379
26	0.019	0.524
27	0.058	0.511
28	0.013	0.486
29	0.104	0.596
30	0.013	0.479
31	0.078	0.479
32	0.013	0.414
33	0.032	0.401
34	0.013	0.427
35	0.045	0.473
36	0.006	0.376
37	0.052	0.421
38	0.006	0.317
39	0.039	0.356
40	0.006	0.376
41	0.026	0.330
42	0.006	0.324
43	0.026	0.265
44	0.006	0.285
45	0.026	0.330
46	0.006	0.330
47	0.032	0.330
48	0.006	0.291
49	0.019	0.259
50	0.006	0.272
51	0.019	0.304
52	0.006	0.369
53	0.019	0.363
54	0.006	0.278
55	0.019	0.311
56	0.006	0.272
57	0.013	0.356
58	0.006	0.421
59	0.013	0.382
60	0.006	0.350
61	0.013	0.278
62	0.006	0.350
63	0.019	0.453

